%YAML:1.0
---
camera_matrix: !!opencv-matrix
   rows: 3
   cols: 3
   dt: d
   data: [ 7.1637624643719400e+03, 0., 1.3695974362493234e+03, 0.,
       7.1817522096021794e+03, 1.2321263369198316e+03, 0., 0., 1. ]
