%YAML:1.0
---
distortion_coefficients: !!opencv-matrix
   rows: 1
   cols: 5
   dt: d
   data: [ -7.4114948752328852e-02, 7.6849849311316332e-01,
       6.7143349570821112e-03, 3.9910326619130229e-03,
       -3.4359555433048246e+00 ]
